Basis set
* ARGON  (15s,9p,3d,1f) -> [5s,4p,3d,1f]
 Ar    / inline
     18.00   3
* S-type functions
      17    5
         455476.77
         64817.743
         19256.987
         6877.0073
         2643.4877
         1054.2375
         429.37122
         177.18859
         73.763945
         30.897007
         12.999482
         5.4876793
         2.3225716
         0.98498070
         0.41839730
         0.17795940
         0.07118380
   +3.1985477337e-04   +9.1521404451e-05   -2.8618184860e-05	
   +1.0116178689e-03   +2.8984506111e-04   -9.0548469032e-05	
   +2.1702090390e-03   +6.2354376851e-04   -1.9550891432e-04	
   +5.9629155965e-03   +1.7189209304e-03   -5.3573136673e-04	
   +1.5908026886e-02   +4.6307559843e-03   -1.4572712548e-03	
   +4.4046663675e-02   +1.3055386492e-02   -4.0739266788e-03	
   +1.1445958305e-01   +3.5535505058e-02   -1.1262511511e-02	
   +2.5462693218e-01   +8.7559716844e-02   -2.7705238160e-02	
   +3.9847141954e-01   +1.7471259361e-01   -5.7559173033e-02	
   +2.7895174055e-01   +1.8576691234e-01   -6.2470602397e-02	
   +3.8344388538e-02   -1.3681270089e-01   +4.8146955048e-02	
   +3.1208596948e-03   -6.3455466094e-01   +3.2636920530e-01	
   -1.3843824605e-03   -3.8211923221e-01   +3.4470867489e-01	
   +1.0023068488e-03   -5.0356203149e-03   -3.3449155283e-01	
   -6.4311712132e-04   -1.1761903059e-02   -6.6401462263e-01	
   +2.8154784035e-04   +4.4420848253e-03   -2.7564527179e-01	
   -7.6381320171e-05   -1.3030117719e-03   -8.1610116602e-03	
* P-type functions
      12    2
         1462.4962 
         354.06731 
         126.69779 
         49.989095 
         20.509295 
         8.5804641 
         3.6301049 
         1.5465280 
         .66193690 
         .28424280 
         .12234630 
         .04893850
   +9.6206821033e-04   -2.6902860948e-04	
   +6.2083828269e-03   -1.7429692447e-03	
   +2.5765046980e-02   -7.2958128590e-03	
   +9.3008692875e-02   -2.6897430552e-02	
   +2.4398238136e-01   -7.2904302406e-02	
   +4.1643547388e-01   -1.3072590265e-01	
   +3.4429239304e-01   -1.0819562266e-01	
   +7.2719568849e-02   +1.5845057560e-01	
   +2.9816770979e-03   +4.3404516203e-01	
   +2.9970034917e-04   +1.6954135941e-01	
   -9.4722849126e-05   +9.8591985571e-03	
End of basis set
