*----------------------------------------------------------------------
* Basis Set Exchange
* Version v0.9
* https://www.basissetexchange.org
*----------------------------------------------------------------------
*   Basis set: aug-cc-pVTZ
* Description: aug-cc-pVTZ
*        Role: orbital
*     Version: 1  (Data from ccRepo/Grant Hill)
*----------------------------------------------------------------------


Basis set
*HELIUM       (4s,1p) -> [2s,1p]
2.   3
*  s-type ANO's, max 7 functions can be used
13   11
1149.2705 172.04457 39.080465 11.036173 3.5641520 1.2404430 .44731600 .16420600 .05747200 0.0250000 0.0125000 0.0062500 0.0030000
.00035774 -.0005306 .00070544 -.0004722 .00093393 -.0027667 .01263588   0.000000 0.0000000   0.000000 0.0000000
.00277289 -.0040330 .00705199 -.0104722 .01348285 .01229885 -.0848571   0.000000 0.0000000   0.000000 0.0000000
.01429838 -.0225804 .03126037 -.0194099 .07393500 -.2869760 1.9186237   0.000000 0.0000000   0.000000 0.0000000
.05586749 -.1026255 .32197965 -.7127356 1.4706183 -.6838600 -2.949231   0.000000 0.0000000   0.000000 0.0000000
.16336284 -.4577114 1.0047488 -.0101329 -2.612951 2.3659098 2.8122735   0.000000 0.0000000   0.000000 0.0000000
.33133146 -.6059653 -1.290804 1.9343339 1.9484133 -3.803398 -2.270835   0.000000 0.0000000   0.000000 0.0000000
.41429728 .57131336 -.4725896 -2.541659 -.1400431 4.5215115 1.6543987   0.000000 0.0000000   0.000000 0.0000000
.18903228 .54758341 .95308829 .89814053 -1.398348 -3.922221 -1.000829   0.000000 0.0000000   0.000000 0.0000000
.00515606 .01165900 .05061692 .54395940 1.2323530 1.8739471 .36960362   0.000000 0.0000000   0.000000 0.0000000
0.000000 0.0000000  0.000000  0.0000000 0.000000  0.0000000  0.000000   1.000000 0.0000000   0.000000 0.0000000
0.000000 0.0000000  0.000000  0.0000000 0.000000  0.0000000  0.000000   0.000000 1.0000000   0.000000 0.0000000
0.000000 0.0000000  0.000000  0.0000000 0.000000  0.0000000  0.000000   0.000000 0.0000000   1.000000 0.0000000
0.000000 0.0000000  0.000000  0.0000000 0.000000  0.0000000  0.000000   0.000000 0.0000000   0.000000 1.0000000
*  p-type ANO's, max 4 functions can be used
8   8
4.5500000 1.5925000 .55737500 .19508100 0.08500000  0.04250000 0.020000 0.0100000
.08926060 -.1867350 .85489228 -1.393750   0.000000  0.0000000   0.000000  0.0000000
.38050238 -.5117345 .10926707 2.3779635   0.000000  0.0000000   0.000000  0.0000000
.44912372 -.1981506 -1.263812 -2.057936   0.000000  0.0000000   0.000000  0.0000000
.27765440 .99587976 .90243325 .91266539   0.000000  0.0000000   0.000000  0.0000000
0.000000  0.0000000  0.000000  0.0000000  1.000000  0.0000000   0.000000  0.0000000
0.000000  0.0000000  0.000000  0.0000000  0.000000  1.0000000   0.000000  0.0000000
0.000000  0.0000000  0.000000  0.0000000  0.000000  0.0000000   1.000000  0.0000000
0.000000  0.0000000  0.000000  0.0000000  0.000000  0.0000000   0.000000  1.0000000
*  d-type ANO's, max 3 functions can be used
3   3
3.4000000 1.3600000 .54400000 
.28055213 -.9514716 1.1961949
.56558317 .18505878 -2.010602
.30332967 .69874000 1.3544902
*  f-type ANO's, max 2 functions can be used
2   2
1.813333  0.725333
1.0000000 0.0000000
0.0000000 1.0000000




